viola 4040 1640971127 1640971182 1640971182
ale 5050 1640971164 1640971178 1640971178
ale 5050 1640971201 1640971213 1640971213
viola 4040 1640971222 1640971246 1640971246
ale 5050 1640971250 1640971290 1640971290
viola 4040 1640971305 1640971317 1640971317
ale 5050 1640971322 1640971417 1640971417
viola 4040 1640971363 1640971467 1640971467
ale 5050 1640971425 1640971468 1640971468
viola 4040 1640971482 1640971547 1640971547
ale 5050 1640971488 1640971548 1640971548
viola 4040 1640971560 1640971666 1640971666
ale 5050 1640971576 1640971667 1640971667
viola 4040 1640971704 1640971880 1640971880
ale 5050 1640971718 1640971881 1640971881
viola 4040 1640971900 1640971943 1640971943
ale 5050 1640971916 1640971943 1640971943
ale 5050 1640971975 1640972001 1640972001
viola 4040 1640972175 1640972332 1640972332
ale 5050 1640972216 1640972318 1640972318
ale 5050 1640972342 1640972463 1640972463
viola 4040 1640972363 1640972462 1640972462
viola 4040 1640972473 1640972483 1640972483
ale 5050 1640972487 1640972496 1640972496
viola 4040 1640972503 1640972564 1640972564
viola 4040 1640972571 1640972575 1640972575
ale 5050 1640972581 1640972747 1640972747
viola 4040 1640972601 1640972746 1640972746
viola 4040 1640972755 1640972759 1640972759
ale 5050 1640972765 1640972769 1640972769
viola 4040 1640972773 1640972804 1640972804
viola 4040 1640972815 1640972821 1640972821
ale 5050 1640972824 1640972827 1640972827
viola 4040 1640972831 1640972833 1640972833
viola 4040 1640972899 1640972909 1640972909
ale 5050 1640972913 1640973026 1640973026
viola 4040 1640972925 1640972926 1640972926
viola 4040 1640973030 1640973035 1640973035
viola 4040 1640973040 1640973051 1640973051
ale 5050 1640973054 1640973062 1640973062
viola 4040 1640973067 1640973070 1640973070
viola 4040 1640973225 1640973232 1640973232
ale 5050 1640973236 1640973242 1640973242
viola 4040 1640973248 1640973249 1640973249
viola 4040 1640973325 1640973336 1640973336
ale 5050 1640973339 1640973344 1640973344
viola 4040 1640973348 1640973350 1640973350
viola 4040 1640973492 1640973506 1640973506
ale 5050 1640973505 1640973546 1640973546
viola 4040 1640973513 1640973515 1640973515
viola 4040 1640973545 1640973555 1640973555
ale 5050 1640973559 1640973563 1640973563
viola 4040 1640973567 1640973570 1640973570
viola 4040 1640973628 1640973713 1640973713
ale 5050 1640973635 1640973716 1640973716
viola 4040 1640973727 1640973736 1640973736
ale 5050 1640973733 1640973771 1640973771
viola 4040 1640973775 1640973793 1640973793
ale 5050 1640973790 1640973975 1640973975
viola 4040 1640973974 1640973989 1640973989
ale 5050 1640973985 1640974037 1640974037
viola 4040 1640974031 1640974055 1640974055
ale 4045 1640974052 1640974101 1640974101
viola 4040 1640974097 1640974112 1640974112
ale 4045 1640974109 1640974281 1640974281
viola 4040 1640974280 1640974291 1640974291
ale 4045 1640974288 1640974328 1640974328
viola 4040 1640974334 1640974363 1640974363
ale 4045 1640974358 1640974449 1640974449
viola 5050 1641059430 1641059437 1641059437
ale 5051 1641059461 1641059472 1641059472
viola 5050 1641059476 1641059481 1641059481
viola 5050 1641059530 1641059567 1641059567
ale 5051 1641059544 1641059684 1641059684
viola 5050 1641059694 1641059802 1641059802
viola 5050 1641059814 1641059849 1641059849
ale 5052 1641059843 1641059953 1641059953
viola 5050 1641059952 1641059978 1641059978
ale 5051 1641059972 1641060045 1641060045
viola 5050 1641060042 1641060089 1641060089
ale 5052 1641060081 1641060172 1641060172
viola 5050 1641060171 1641060187 1641060187
ale 5052 1641060184 1641060242 1641060242
viola 5050 1641060247 1641060274 1641060274
ale 5052 1641060265 1641060297 1641060297
viola 5050 1641060304 1641060330 1641060330
ale 5052 1641060320 1641060403 1641060403
viola 5050 1641060342 1641060347 1641060347
viola 5050 1641060414 1641060423 1641060423
ale 5052 1641060428 1641060564 1641060564
viola 5050 1641060437 1641060438 1641060438
viola 5050 1641060562 1641060930 1641060930
ale 5052 1641060568 1641060603 1641060603
ale 5052 1641060616 1641060930 1641060930
viola 5050 1641060939 1641061178 1641061178
ale 5052 1641060944 1641061179 1641061179
viola 5050 1641061209 1641061355 1641061355
ale 5052 1641061216 1641061356 1641061356
viola 5050 1641061368 1641061418 1641061418
ale 5052 1641061372 1641061419 1641061419
viola 5050 1641061428 1641061475 1641061475
ale 5052 1641061436 1641061459 1641061459
ale 5052 1641061474 1641061622 1641061622
viola 5050 1641061506 1641061623 1641061623
