viola 4 5050 1640531696 1640531711
ale 5 5051 1640531706 1640531728
viola 6 5050 1640531744 1640531881
ale 7 5051 1640531761 1640531776
viola 4 5050 1640531900 1640531917
ale 5 5051 1640531907 1640531914
viola 4 5050 1640531942 1640531952
ale 5 5051 1640531947 1640531949
viola 4 5053 1640534716 1640534729
viola 4 5053 1640535248 1640538268
viola 4 4040 1640539124 1640539161
viola 5 4040 1640539177 1640543820
viola 4 4040 1640544014 1640544022
viola 5 4040 1640544036 1640544041
viola 4 4040 1640544562 1640544676
ale 6 4090 1640544608 1640544675
